933033901265522688
932821379279441920
932625088007901184
933016116040888322
933062471077597184
928356494655008768
933030407024578560
933201176509628416
932564934524850176
931936134724313089
933122882372169728
932896538065596416
933198867406970880
932860355360956416
933199906965110784
933033382065377281
932780507900796928
933185221024813056
932709888790183936
933200777417338880
933123313005617152
933021322728300544
932716188114784258
933202176310050817
932997873855328256
933077807823024128
933183781233680384
932579690333777920
933154611136884737
933181749894328320
930492475818393600
932781296413233152
933188927074258944
924683539450417153
933041810141827078
933171326189060096
933070766832156672
929598524932612098
933190141153239040
933127818006880256
933182403589431296
932984501055180801
933142223033475072
933118238514450433
933032607020961793
933194536657887232
932582378781818881
933004831039672321
930848252391514112
933140776908816384
933093425062092800
932562299440762880
933071999114637312
933023715192983552
932970511793098752
933011012638400512
932083605093859328
933034047164616704
845735047340720130
933049232663068673
933087611874185216
933110526166687744
932796429281779712
932836736865939456
933200804210655232
933062709549129728
931605384988467200
933190385270104065
933095301019156482
932654333023440896
931782948977647618
931599254581215232
932009978701008898
932937181768818689
932148245064585217
933016686751559680
932647493531258885
933092033748615168
932851068911861761
933144046004068352
927691332675661826
933106251248095233
933193536282828800
932448450955714560
933151954045423616
932898452471795712
932483827498409984
921238855495249920
932662593113739264
933066832688250880
933124235047915520
930855299057143810
933045808139730947
933197102565527552
932935047589584896
931701429273849861
931900040813084673
930948530327269377
933081400365977600
931178882392317954
933004294449754112
932476415475302402
933048329432371202
932337946228817921
929180372193239040
932616546438074370
933202193917739008
933202147201699840
933100782525837312
933117825102860288
932530595288162304
933001225318039554
932343892132933634
931879773214859264
932557263360876546
933029198272311296
931545593369059328
932478257848397824
921257731985637376
933007851940823040
932588142829416449
932557752815243264
932573268430721030
932662106586877953
933154834626240512
931704014785433601
933104685464145920
932530143246946304
933115546488381442
933017326533820416
933194416927289344
932937916791234560
932738092112465925
933186076688175104
932588466352746497
933201665095737344
933201664898715648
933000242386968576
933069412067954690
930148362397069312
932635366678564864
933087095328874496
933033901265522688
932821379279441920
932625088007901184
931632886955909121
933168863125979138
933037153461919745
932542138998329344
933209542418149376
931510125222879234
932610537388724224
933123164002951173
926645585305796608
932829712191127553
932947007857217537
933209289887432704
932824226788122627
932841587549204481
932515170420699136
932999258541887495
932755089932009472
932924783309680640
932988278822891522
933209294501158912
933196739854716929
933209313400602624
933207990303256576
928166888449773569
933134025291468800
933194578957660160
933087431271710720
933209561581764608
929420441227354118
933203039363543042
933156354260221952
933197014208167936
933088182878564353
932785378607685632
931071182035652608
933197310418288643
933202531416600576
933161616253755394
932797898974261248
933127021844189189
932977242023571457
933172680378998785
932950634319380481
933198219198246912
933200490233344001
932580383111237632
924352738842107904
931447063375695872
933046721596313601
932688819798904832
928989281716195328
779705184079454208
933198409049169931
932872584940568576
932201849473597441
932141977520369669
933209547795152897
932360247447994368
933070069097263105
933207868848840704
933013255202652160
930878289857695746
931201782323261442
933206231598034946
932434273847607296
933197392433704961
933209415095795712
932021972321619969
932474072109330432
932993007585857536
932172247091089408
932979453290049536
930933869414572032
932647493531258885
933092033748615168
932851068911861761
932346877135282177
932895161801199623
933025868095598593
931678030510153728
933187563610783744
931096186341285888
932536808734412800
932442268161757184
931643173910216705
930892679541673984
929553212067037184
932669902158204930
932559580160253953
932775130727616513
933070982335684608
932866328687362048
932460815034273792
932983964976975872
933190277153640448
932384543239294977
932310080980168705
931653879569223681
933085159351619584
933180377400774656
933188307013554176
933076805917044736
932359525352472577
933032305194651648
932019961442299904
933209215631425537
933001027242090496
932556861546680321
932020534677606400
930858006849474564
933017181075464195
932531945623490560
931495928950919168
932967575268544512
931473179083788289
933017168538689536
932556838159224832
931981382225727488
932415972455145472
932880024809721856
931492252584742912
932823367412957184
932284111682789376
933100053874425856
928763745760923648
932593292101017601
932527431080202241
933033901265522688
932821379279441920
932625088007901184
933135795921215488
932020664193732608
933154325395894273
933216249454084096
932715283332128773
933107157926580225
933206836794228736
933186100499177472
932345745486860288
932633051967787008
930428217550352384
933204132189442048
933034167436238848
933156701556977664
933206921305190400
933213486934454272
932642550690779136
933112594700922881
933142453321850880
933214374705094657
932602371129200641
933213456148283392
932943654028636160
933217150277378048
933177738399162369
933214376311455745
933213523261321216
932500250983624704
933141354095325184
932529799616188416
932051303987113985
932183127027359744
931461106304012288
933119217578242049
933051286286684161
932981813118685184
933212523695808512
933133967783477248
933198366628110336
933179739535130626
933191843356999680
932438855281709056
933217344012222466
933217580470370304
933154532963467265
933062971575754754
931682930480607233
933203683872878592
835702482223398912
933111542006108165
932605911641874432
933145013009055744
933085904721367040
933206626135293952
930850402412761088
931570615361957888
933214544679366656
932926368341377024
932933979598094337
932647493531258885
933092033748615168
932851068911861761
932565712845131776
932006582942076928
933213467045117953
933091104865447938
931655019983790080
931422920194363392
932132044620124160
931439342760861696
930873172878086146
933066049867698176
932341433427726336
932610817173975045
932605398560976896
932542308825702401
931207800600039425
931945690707632128
933051221547642882
933217274760237056
930459459268349956
933216766989189121
932462760293695489
932219420830822400
932470111579004928
933052614589210625
931250578151432194
933104897066549248
933080667042263040
933112985660387328
932334969757806592
930880630119952384
933209322259038210
932930374661001216
932481129537523712
927934595504459776
932614331975467010
932363718821924864
931452994033418241
932574146407682048
933208439680942080
931485101296443394
933105489881296896
932514762356854785
932565062467940352
932948388903088128
932707775465082883
933216369784397825
933066577641070592
932322718426517504
932381107391225857
932566511541035008
931484658482798592
933216766989189121
933216766649442304
933216766511136769
933216766368632832
933033901265522688
932821379279441920
932625088007901184
933033476613459968
933224800524189697
933225075062358018
933100580490264576
933224998268841985
931304372176220160
933225175184687105
933195152314703872
932843577129996290
933087002802528256
933221487800041472
932016390839717888
931435530008580096
933221353204805632
933119083775639552
932956060675133440
932925885262581760
932112586371469312
933218716698910720
932851102298595328
933089824793169923
931508844576075776
933223272249835525
933090036660150272
932364198297985024
932931060035473409
933007130218479616
933088013873115136
933221880785354752
933069150611787777
933203425981902848
933170093827145730
933050272779292672
933056426372751360
932156607391326208
933222219282489344
931231483892822016
932475581698138112
932345262487588866
933222898331918338
932897879613693952
933225134609063936
933148934758944770
933190807728689152
931813663413014529
931757675171291137
932488867504156672
930843874574168065
933222905046974464
933018450401820672
933048640867667968
933202548219002880
933107891195863041
932214245168766976
933092033748615168
932647493531258885
932851068911861761
932674451354804227
932562683077058560
930235302089773057
933219337707458561
932553819770310656
933215173841584128
933046053254807552
930881618616524800
932328237132275712
932663617799049218
932588143429210112
932459851275386880
932609523390480386
931593380630548480
931824787802001409
933184818732441600
932612252942946304
932949330369110016
928918709594394624
931508701936136193
933224795570814976
932917557299888129
932594763081056256
932546140393955328
930924920774823936
932372843836379143
932336466033872896
932598655315349504
932633808381317121
931560060651585536
931479014220365824
933189607470125056
932228849760337923
932149140980629504
930133243449479169
931534177077379072
931850794994946048
931999872529547264
932367959707865088
